"","V1","V2","V3","V4","V5","V6","V7"
"1",0.15,0.13,0.04,0.105,0.15,0.095,0.01
"2",0.29,0.29,0.205,0.265,0.3,0.24,0.3
"3",0.53,0.535,0.415,0.555,0.53,0.6,0.525
"4",0.66,0.68,0.655,0.685,0.66,0.65,0.755
"5",0.855,0.915,0.825,0.95,0.815,0.915,0.925
"6",1,1.01,1.105,1.03,1.05,1.105,1
"7",1.325,1.38,1.3,1.275,1.25,1.335,1.275
"8",1.6,1.535,1.595,1.505,1.535,1.415,1.59
"9",1.7,1.72,1.63,1.65,1.8,1.67,1.645
"10",1.87,1.995,1.845,1.84,1.96,1.93,1.82
"11",2.165,2.06,2.2,2.07,2.14,2.19,2.125
"12",2.335,2.39,2.37,2.39,2.275,2.245,2.375
"13",2.49,2.515,2.405,2.43,2.585,2.435,2.59
"14",2.755,2.645,2.645,2.74,2.78,2.785,2.655
"15",2.965,2.845,2.875,2.85,2.815,2.8,2.92
"16",3.06,3.2,3.165,3.03,3.025,3.11,3.02
"17",3.265,3.4,3.305,3.2,3.375,3.31,3.2
"18",3.58,3.585,3.415,3.5,3.48,3.49,3.44
"19",3.755,3.665,3.645,3.78,3.615,3.79,3.685
"20",3.815,3.98,3.965,3.935,3.845,3.82,3.965
"21",4.17,4.045,4.13,4.05,4.13,4.175,4.17
"22",4.36,4.34,4.28,4.225,4.395,4.3,4.36
"23",4.46,4.45,4.525,4.58,4.42,4.44,4.58
"24",4.755,4.8,4.645,4.68,4.635,4.675,4.6
"25",5,4.915,4.88,4.855,4.985,4.905,4.845
"26",5.16,5.01,5.06,5.08,5.055,5.035,5.11
"27",5.28,5.36,5.3,5.28,5.23,5.285,5.285
"28",5.545,5.46,5.595,5.455,5.45,5.415,5.5
"29",5.67,5.76,5.64,5.63,5.625,5.77,5.67
"30",5.825,5.845,5.92,5.86,5.945,5.875,5.83
"31",6.165,6.095,6,6.165,6.19,6.075,6.145
"32",6.385,6.315,6.375,6.315,6.21,6.255,6.33
"33",6.41,6.42,6.465,6.435,6.565,6.535,6.565
"34",6.755,6.625,6.715,6.635,6.77,6.615,6.76
"35",6.925,6.825,6.955,6.915,6.895,6.96,6.955
"36",7.105,7.03,7.065,7.125,7.11,7.18,7.04
"37",7.24,7.27,7.21,7.23,7.275,7.245,7.32
"38",7.58,7.415,7.465,7.505,7.555,7.43,7.475
"39",7.63,7.665,7.64,7.775,7.655,7.79,7.785
"40",7.935,7.85,7.995,7.96,7.85,7.945,8
"41",8.09,8.185,8.175,8.17,8.065,8.08,8.105
"42",8.39,8.395,8.315,8.37,8.32,8.26,8.315
"43",8.5,8.575,8.42,8.48,8.51,8.515,8.58
"44",8.76,8.675,8.615,8.68,8.73,8.755,8.68
"45",8.965,8.815,8.91,8.96,8.81,8.96,8.875
"46",9.165,9.17,9.145,9.13,9.115,9.175,9.12
"47",9.315,9.275,9.27,9.2,9.2,9.3,9.205
"48",9.41,9.56,9.48,9.52,9.51,9.575,9.455
"49",9.74,9.7,9.715,9.67,9.685,9.675,9.61
"50",9.875,9.885,9.87,9.81,9.95,9.875,9.82
"51",10.08,10.04,10.145,10.12,10.055,10,10.06
"52",10.335,10.29,10.255,10.295,10.39,10.275,10.3
"53",10.49,10.425,10.495,10.45,10.51,10.555,10.415
"54",10.71,10.695,10.725,10.65,10.695,10.68,10.655
"55",10.815,10.82,10.845,10.835,10.83,10.865,10.99
"56",11.155,11.11,11.04,11.075,11.08,11.02,11.075
"57",11.29,11.32,11.325,11.26,11.33,11.255,11.285
"58",11.49,11.45,11.42,11.58,11.505,11.555,11.525
"59",11.78,11.67,11.62,11.765,11.69,11.765,11.68
"60",11.805,11.925,11.93,11.94,11.81,11.84,11.96
"61",12.11,12.145,12.155,12.11,12.155,12.16,12.03
"62",12.365,12.295,12.27,12.4,12.375,12.385,12.355
"63",12.595,12.485,12.54,12.59,12.59,12.48,12.58
"64",12.735,12.66,12.71,12.655,12.64,12.665,12.665
"65",12.87,12.885,12.94,12.945,12.83,12.915,12.985
"66",13.195,13.11,13.16,13.005,13.18,13.175,13.07
"67",13.325,13.25,13.385,13.3,13.4,13.215,13.38
"68",13.58,13.41,13.425,13.47,13.455,13.51,13.47
"69",13.8,13.75,13.685,13.725,13.62,13.655,13.605
"70",13.95,14,13.88,13.8,13.9,13.83,13.905
"71",14.125,14.11,14.01,14.06,14.06,14.195,14.115
"72",14.32,14.345,14.325,14.355,14.375,14.365,14.29
"73",14.4,14.52,14.42,14.455,14.57,14.595,14.58
"74",14.6,14.78,14.795,14.785,14.76,14.63,14.77
"75",14.955,14.83,14.875,14.92,14.955,14.985,14.95
"76",15.045,15.09,15.12,15.12,15.075,15.035,15.05
"77",15.395,15.395,15.305,15.375,15.365,15.315,15.315
"78",15.59,15.505,15.475,15.6,15.415,15.57,15.55
"79",15.675,15.775,15.63,15.755,15.795,15.625,15.77
"80",15.965,15.97,15.87,15.88,15.87,15.915,15.905
"81",16.09,16.105,16.17,16.095,16.14,16.01,16.195
"82",16.325,16.345,16.335,16.365,16.3,16.235,16.29
"83",16.525,16.445,16.52,16.575,16.47,16.575,16.505
"84",16.73,16.64,16.695,16.71,16.755,16.775,16.755
"85",16.8,16.915,16.815,16.915,16.805,16.99,16.895
"86",17.165,17.05,17.19,17.11,17.015,17.075,17.155
"87",17.31,17.33,17.295,17.225,17.26,17.2,17.325
"88",17.415,17.595,17.555,17.55,17.425,17.49,17.58
"89",17.73,17.685,17.65,17.76,17.695,17.705,17.695
"90",17.905,17.89,17.9,17.845,17.975,17.83,18
"91",18.15,18.195,18.1,18.02,18.025,18.17,18
"92",18.22,18.34,18.275,18.295,18.24,18.275,18.2
"93",18.45,18.435,18.455,18.58,18.495,18.505,18.465
"94",18.7,18.76,18.705,18.61,18.735,18.63,18.64
"95",18.935,18.835,18.885,18.99,18.93,18.935,18.915
"96",19.04,19.045,19.05,19.13,19.095,19.13,19.015
"97",19.22,19.32,19.365,19.22,19.225,19.255,19.34
"98",19.42,19.51,19.555,19.58,19.475,19.535,19.585
"99",19.64,19.68,19.78,19.755,19.605,19.645,19.715
"100",19.835,19.98,19.85,19.825,19.97,19.895,19.895
"101",20.105,20.105,20.15,20.17,20.015,20.125,20.04
"102",20.31,20.31,20.355,20.38,20.255,20.375,20.395
"103",20.465,20.565,20.525,20.4,20.565,20.5,20.485
"104",20.67,20.69,20.785,20.785,20.625,20.74,20.745
"105",20.855,20.825,20.82,20.865,20.905,20.825,20.905
"106",21.07,21.12,21.05,21.17,21.075,21.035,21.155
"107",21.37,21.32,21.31,21.27,21.265,21.32,21.315
"108",21.535,21.51,21.465,21.535,21.495,21.49,21.545
"109",21.695,21.735,21.665,21.74,21.63,21.735,21.725
"110",21.94,21.98,21.94,21.98,21.975,21.8,21.915
"111",22.03,22.07,22.11,22.025,22.065,22.105,22.01
"112",22.36,22.395,22.26,22.26,22.395,22.255,22.23
"113",22.545,22.42,22.425,22.435,22.58,22.595,22.535
"114",22.79,22.8,22.73,22.725,22.645,22.75,22.7
"115",22.95,22.81,22.825,22.945,22.94,22.855,22.815
"116",23.045,23.145,23.045,23.19,23.145,23.145,23.08
"117",23.305,23.295,23.39,23.34,23.225,23.35,23.285
"118",23.44,23.565,23.425,23.425,23.49,23.575,23.48
"119",23.66,23.8,23.78,23.755,23.705,23.635,23.625
"120",23.84,23.8,23.995,23.91,23.985,23.81,23.865
"121",24.015,24.095,24.175,24.16,24.025,24.17,24.135
"122",24.22,24.205,24.265,24.31,24.33,24.285,24.265
"123",24.54,24.545,24.445,24.56,24.475,24.58,24.56
"124",24.69,24.695,24.65,24.67,24.605,24.65,24.695
"125",24.97,24.97,24.85,24.86,24.87,24.85,24.8
"126",25.08,25.19,25.105,25.2,25.015,25.165,25.06
"127",25.29,25.38,25.2,25.305,25.215,25.315,25.365
"128",25.4,25.585,25.595,25.525,25.475,25.42,25.425
"129",25.74,25.75,25.74,25.615,25.655,25.625,25.8
"130",25.8,25.97,25.82,25.94,25.975,25.95,25.855
"131",26.155,26.12,26.11,26.19,26.125,26.135,26.09
"132",26.2,26.34,26.275,26.24,26.345,26.315,26.23
"133",26.505,26.44,26.56,26.5,26.46,26.58,26.55
"134",26.645,26.695,26.7,26.625,26.65,26.73,26.6
"135",26.975,26.995,26.91,26.94,26.885,26.86,26.845
"136",27.005,27.025,27.085,27.16,27.085,27.19,27.145
"137",27.2,27.255,27.23,27.315,27.215,27.225,27.285
"138",27.515,27.535,27.525,27.505,27.555,27.565,27.545
"139",27.79,27.72,27.67,27.65,27.8,27.7,27.775
"140",27.98,27.865,27.925,27.965,28,27.865,27.81
"141",28.13,28.09,28.1,28.165,28.11,28.08,28.11
"142",28.285,28.325,28.27,28.385,28.245,28.3,28.24
"143",28.505,28.485,28.56,28.45,28.445,28.43,28.54
"144",28.64,28.65,28.8,28.765,28.68,28.685,28.78
"145",28.815,28.94,28.96,28.835,28.875,28.935,28.825
"146",29.135,29.045,29.01,29.03,29.08,29.065,29.02
"147",29.34,29.32,29.28,29.305,29.295,29.24,29.35
"148",29.455,29.52,29.6,29.535,29.46,29.555,29.5
"149",29.655,29.71,29.63,29.75,29.615,29.64,29.79
"150",30,29.94,29.94,30,29.82,29.965,29.895
"151",30.165,30.08,30.025,30.145,30.13,30.02,30.055
"152",30.36,30.255,30.28,30.375,30.355,30.31,30.34
"153",30.41,30.495,30.415,30.465,30.46,30.465,30.575
"154",30.785,30.635,30.685,30.615,30.72,30.775,30.675
"155",30.91,30.8,30.945,30.98,30.86,30.98,30.97
"156",31.025,31.125,31.035,31.05,31.185,31.06,31.16
"157",31.38,31.305,31.36,31.22,31.35,31.39,31.34
"158",31.42,31.52,31.475,31.405,31.43,31.58,31.57
"159",31.705,31.645,31.6,31.645,31.68,31.755,31.755
"160",31.845,31.985,31.95,31.96,32,31.885,31.825
"161",32.105,32.135,32.19,32.02,32.1,32.115,32.195
"162",32.305,32.255,32.365,32.3,32.32,32.31,32.365
"163",32.53,32.43,32.545,32.49,32.54,32.58,32.43
"164",32.735,32.715,32.705,32.64,32.675,32.665,32.67
"165",32.985,32.92,32.815,32.985,32.95,32.84,32.88
"166",33.145,33.08,33.135,33.195,33.005,33.145,33.155
"167",33.35,33.26,33.25,33.39,33.255,33.31,33.29
"168",33.575,33.475,33.435,33.44,33.595,33.49,33.58
"169",33.74,33.66,33.725,33.655,33.69,33.695,33.735
"170",33.835,33.84,33.925,33.96,33.92,33.945,33.955
"171",34.115,34.045,34.09,34.01,34.12,34.04,34.165
"172",34.38,34.28,34.345,34.255,34.28,34.23,34.4
"173",34.405,34.545,34.41,34.565,34.59,34.49,34.41
"174",34.61,34.78,34.66,34.74,34.685,34.615,34.765
"175",34.86,34.96,34.8,34.985,34.875,34.83,34.875
"176",35.095,35.165,35.01,35.1,35.12,35.09,35.145
"177",35.29,35.4,35.385,35.39,35.39,35.265,35.25
"178",35.515,35.495,35.565,35.4,35.585,35.47,35.595
"179",35.605,35.72,35.63,35.8,35.75,35.675,35.67
"180",35.975,35.805,35.84,35.95,35.92,35.9,35.8
"181",36.07,36.105,36.155,36.04,36.055,36.02,36.065
"182",36.21,36.21,36.29,36.315,36.355,36.39,36.265
"183",36.505,36.58,36.535,36.42,36.58,36.555,36.58
"184",36.76,36.76,36.8,36.695,36.635,36.715,36.795
"185",36.955,36.89,36.81,36.955,36.905,36.89,36.89
"186",37.145,37.075,37.135,37.105,37.035,37.03,37.155
"187",37.355,37.255,37.33,37.36,37.285,37.325,37.325
"188",37.58,37.505,37.52,37.435,37.415,37.595,37.495
"189",37.63,37.72,37.665,37.695,37.74,37.755,37.655
"190",37.995,37.965,37.945,37.86,37.865,37.89,37.995
"191",38.14,38.03,38.16,38.185,38.05,38.2,38.045
"192",38.2,38.21,38.315,38.25,38.225,38.285,38.37
"193",38.52,38.485,38.51,38.56,38.535,38.42,38.415
"194",38.725,38.69,38.6,38.65,38.75,38.6,38.675
"195",38.825,38.965,38.96,38.86,38.86,38.825,39
"196",39.165,39.125,39.04,39.17,39.085,39.04,39.01
"197",39.305,39.4,39.23,39.29,39.385,39.31,39.395
"198",39.51,39.465,39.55,39.555,39.565,39.595,39.515
"199",39.645,39.705,39.77,39.615,39.795,39.77,39.68
"200",39.975,39.905,39.81,39.8,39.915,39.835,39.94
"201",40.03,40.03,40.015,40.085,40.005,40.115,40.08
"202",40.345,40.28,40.315,40.21,40.33,40.285,40.37
"203",40.42,40.475,40.49,40.405,40.555,40.44,40.57
"204",40.625,40.74,40.62,40.8,40.61,40.625,40.76
"205",40.95,40.815,40.985,40.96,40.835,40.845,40.865
"206",41.04,41.075,41.16,41.09,41.075,41.02,41.055
"207",41.345,41.3,41.325,41.355,41.355,41.305,41.365
"208",41.42,41.5,41.425,41.52,41.59,41.4,41.42
"209",41.685,41.64,41.62,41.77,41.77,41.765,41.72
"210",41.975,41.85,41.8,41.845,41.93,41.85,41.815
"211",42.135,42.19,42.105,42.06,42.165,42.15,42.02
"212",42.235,42.205,42.335,42.37,42.31,42.35,42.255
"213",42.405,42.49,42.58,42.56,42.425,42.485,42.49
"214",42.635,42.67,42.725,42.69,42.71,42.675,42.67
"215",42.8,42.97,42.975,42.935,42.83,42.92,42.815
"216",43.095,43.175,43.08,43.15,43.185,43.125,43.14
"217",43.315,43.225,43.31,43.225,43.34,43.355,43.375
"218",43.5,43.585,43.6,43.59,43.43,43.485,43.49
"219",43.77,43.665,43.7,43.715,43.76,43.675,43.765
"220",43.845,43.9,43.965,43.985,43.825,43.865,43.88
"221",44.195,44.04,44.075,44.155,44.08,44.155,44.13
"222",44.225,44.355,44.3,44.28,44.33,44.39,44.355
"223",44.445,44.57,44.57,44.56,44.44,44.515,44.535
"224",44.605,44.775,44.635,44.685,44.705,44.685,44.785
"225",44.81,44.905,44.97,44.81,44.835,44.98,44.955
"226",45.11,45.165,45.01,45.01,45.045,45.115,45.155
"227",45.385,45.26,45.39,45.21,45.365,45.35,45.25
"228",45.535,45.575,45.55,45.42,45.44,45.57,45.57
"229",45.65,45.68,45.615,45.79,45.76,45.625,45.635
"230",45.885,45.825,45.975,45.875,45.92,45.865,45.895
"231",46.095,46.08,46.015,46.03,46,46.19,46.135
"232",46.325,46.26,46.315,46.275,46.28,46.315,46.39
"233",46.6,46.49,46.49,46.46,46.405,46.4,46.59
"234",46.635,46.66,46.72,46.76,46.635,46.795,46.7
"235",46.88,46.9,46.99,46.975,46.97,46.925,46.965
"236",47.12,47.045,47.035,47.12,47.105,47.12,47.04
"237",47.23,47.28,47.355,47.28,47.2,47.285,47.345
"238",47.545,47.445,47.53,47.505,47.42,47.56,47.495
"239",47.7,47.655,47.675,47.715,47.69,47.69,47.665
"240",47.965,47.91,47.91,47.87,47.995,47.89,47.925
"241",48.15,48.185,48.05,48.165,48.015,48.165,48.04
"242",48.345,48.26,48.26,48.255,48.23,48.28,48.35
"243",48.595,48.6,48.465,48.58,48.54,48.465,48.4
"244",48.635,48.755,48.74,48.66,48.705,48.615,48.655
"245",48.97,48.855,48.815,48.825,48.875,48.955,48.86
"246",49.175,49.015,49.125,49,49.13,49.075,49.07
"247",49.4,49.29,49.29,49.375,49.335,49.4,49.31
"248",49.59,49.415,49.55,49.555,49.49,49.6,49.465
"249",49.765,49.74,49.705,49.665,49.73,49.745,49.635
"250",49.83,50,49.935,49.905,49.92,49.945,49.86
"251",50.03,50.135,50.035,50.06,50.105,50.15,50.2
"252",50.355,50.38,50.27,50.27,50.26,50.29,50.25
"253",50.45,50.515,50.56,50.52,50.43,50.49,50.4
"254",50.77,50.735,50.76,50.79,50.655,50.645,50.645
"255",51,50.925,50.81,50.855,50.95,50.86,50.83
"256",51.085,51.185,51.105,51.13,51.065,51.09,51
"257",51.335,51.32,51.22,51.275,51.21,51.37,51.225
"258",51.575,51.56,51.42,51.53,51.6,51.44,51.43
"259",51.71,51.695,51.685,51.695,51.755,51.6,51.78
"260",51.94,51.975,51.985,51.885,51.825,51.86,51.95
"261",52.06,52.09,52.185,52.175,52.13,52.12,52.04
"262",52.22,52.215,52.325,52.37,52.26,52.3,52.28
"263",52.465,52.5,52.53,52.495,52.575,52.6,52.415
"264",52.66,52.715,52.675,52.73,52.675,52.765,52.74
"265",52.835,52.96,52.975,52.815,52.805,52.84,52.97
"266",53.185,53.175,53.005,53.2,53.185,53.055,53.045
"267",53.335,53.31,53.37,53.225,53.365,53.395,53.205
"268",53.6,53.575,53.545,53.455,53.58,53.41,53.5
"269",53.625,53.615,53.63,53.635,53.72,53.78,53.775
"270",53.875,53.935,53.95,53.84,53.955,53.84,53.98
"271",54.015,54.095,54.1,54.195,54.175,54.115,54.035
"272",54.375,54.305,54.265,54.3,54.24,54.355,54.285
"273",54.55,54.405,54.43,54.545,54.455,54.54,54.525
"274",54.68,54.795,54.69,54.75,54.615,54.65,54.765
"275",55,54.865,54.905,54.93,54.83,54.875,54.95
"276",55.19,55.19,55.105,55.03,55.13,55.105,55.165
"277",55.225,55.4,55.4,55.365,55.23,55.38,55.38
"278",55.505,55.475,55.41,55.54,55.415,55.53,55.5
"279",55.61,55.745,55.78,55.745,55.61,55.685,55.71
"280",55.915,55.8,55.965,55.86,55.86,55.98,55.915
"281",56.005,56.025,56.045,56.175,56.165,56.135,56.175
"282",56.345,56.36,56.26,56.31,56.285,56.295,56.38
"283",56.525,56.54,56.59,56.485,56.4,56.465,56.555
"284",56.735,56.74,56.795,56.665,56.625,56.64,56.77
"285",56.805,56.91,56.81,56.955,56.86,57,56.825
"286",57.03,57.095,57.09,57.13,57.2,57.07,57
"287",57.255,57.265,57.385,57.305,57.245,57.215,57.4
"288",57.455,57.58,57.48,57.58,57.485,57.455,57.52
"289",57.725,57.645,57.75,57.735,57.635,57.755,57.62
"290",57.97,57.99,57.905,57.935,58,57.82,57.87
"291",58.145,58.165,58.1,58.085,58.115,58.19,58.135
"292",58.32,58.34,58.245,58.39,58.265,58.39,58.39
"293",58.57,58.51,58.57,58.495,58.415,58.515,58.58
"294",58.7,58.735,58.63,58.765,58.665,58.685,58.635
"295",58.95,58.985,58.82,58.815,58.82,58.935,58.955
"296",59.125,59.135,59.12,59,59.075,59.08,59.005
"297",59.215,59.35,59.385,59.27,59.22,59.29,59.38
"298",59.46,59.6,59.415,59.47,59.515,59.415,59.51
"299",59.795,59.6,59.795,59.695,59.695,59.625,59.705
"300",59.88,59.925,59.89,59.805,59.985,59.92,59.865
"301",60.135,60.02,60.2,60.18,60.175,60.04,60.06
"302",60.395,60.22,60.27,60.31,60.22,60.21,60.24
"303",60.5,60.45,60.565,60.6,60.435,60.44,60.405
"304",60.65,60.78,60.62,60.745,60.77,60.665,60.705
"305",60.88,60.82,60.98,60.975,60.845,60.91,60.83
"306",61.015,61.165,61.185,61.025,61.04,61.055,61.17
"307",61.375,61.275,61.3,61.39,61.345,61.21,61.385
"308",61.465,61.43,61.545,61.44,61.415,61.52,61.485
"309",61.69,61.8,61.715,61.615,61.775,61.72,61.665
"310",61.83,61.825,61.945,61.855,61.975,61.83,61.895
"311",62.04,62.095,62.03,62.19,62.13,62.165,62.115
"312",62.3,62.39,62.235,62.27,62.285,62.35,62.36
"313",62.455,62.54,62.545,62.53,62.57,62.525,62.565
"314",62.785,62.635,62.67,62.635,62.675,62.635,62.63
"315",62.8,62.81,62.88,62.9,62.945,62.82,62.905
"316",63.04,63.015,63.04,63.2,63.135,63.1,63.13
"317",63.205,63.325,63.275,63.385,63.28,63.335,63.365
"318",63.415,63.4,63.455,63.595,63.45,63.455,63.42
"319",63.67,63.745,63.67,63.795,63.6,63.79,63.795
"320",63.945,63.825,63.985,63.805,63.86,63.85,63.86
"321",64.005,64.145,64.155,64.115,64.095,64.07,64.12
"322",64.315,64.355,64.25,64.39,64.325,64.36,64.305
"323",64.59,64.48,64.6,64.455,64.425,64.44,64.42
"324",64.74,64.68,64.725,64.61,64.6,64.65,64.69
"325",64.945,64.88,64.975,64.89,64.835,64.835,64.845
"326",65.095,65.075,65.13,65.135,65.16,65,65.095
"327",65.345,65.205,65.21,65.24,65.325,65.36,65.315
"328",65.43,65.535,65.48,65.56,65.5,65.515,65.58
"329",65.785,65.765,65.645,65.605,65.73,65.735,65.705
"330",65.89,65.84,65.93,65.805,65.85,65.84,65.83
"331",66.01,66.05,66.07,66.06,66.14,66.09,66.025
"332",66.295,66.36,66.355,66.29,66.36,66.355,66.225
"333",66.495,66.475,66.595,66.42,66.54,66.58,66.52
"334",66.67,66.675,66.775,66.61,66.64,66.685,66.76
"335",66.84,66.875,66.925,66.975,66.9,66.985,66.935
"336",67.065,67.015,67.02,67.175,67.03,67.16,67
"337",67.205,67.35,67.315,67.31,67.3,67.22,67.32
"338",67.495,67.455,67.53,67.56,67.43,67.49,67.6
"339",67.75,67.605,67.785,67.77,67.765,67.655,67.78
"340",67.83,67.8,68,67.845,67.82,67.87,67.925
"341",68.09,68.015,68.055,68.135,68.08,68.105,68.015
"342",68.275,68.37,68.35,68.38,68.35,68.35,68.3
"343",68.505,68.57,68.515,68.595,68.55,68.41,68.535
"344",68.755,68.695,68.8,68.795,68.79,68.79,68.725
"345",68.875,68.86,68.815,68.965,68.89,68.835,68.995
"346",69.025,69.02,69.11,69.06,69.04,69.11,69.01
"347",69.39,69.34,69.205,69.235,69.31,69.33,69.35
"348",69.515,69.54,69.535,69.515,69.56,69.41,69.55
"349",69.66,69.715,69.615,69.73,69.795,69.785,69.63
"350",69.9,69.925,69.83,69.96,69.86,69.93,69.815
"351",70.125,70.145,70.025,70.16,70.125,70.08,70.155
"352",70.225,70.385,70.26,70.245,70.225,70.395,70.385
"353",70.425,70.535,70.51,70.45,70.445,70.56,70.415
"354",70.62,70.7,70.71,70.645,70.735,70.675,70.635
"355",70.965,70.885,70.95,71,70.975,70.9,70.96
"356",71.18,71.13,71.13,71.01,71.16,71.03,71.13
"357",71.295,71.365,71.255,71.275,71.385,71.245,71.33
"358",71.405,71.41,71.48,71.515,71.48,71.57,71.565
"359",71.695,71.75,71.695,71.65,71.775,71.71,71.615
"360",71.92,71.845,71.99,71.955,71.925,71.915,71.895
"361",72.13,72.195,72.11,72.195,72.005,72.085,72.02
"362",72.28,72.37,72.25,72.275,72.325,72.27,72.245
"363",72.525,72.42,72.4,72.47,72.44,72.505,72.46
"364",72.77,72.765,72.8,72.785,72.69,72.67,72.67
"365",73,72.99,72.8,72.865,72.89,72.875,72.98
"366",73.14,73.15,73.125,73.175,73.165,73.02,73.155
"367",73.3,73.31,73.35,73.32,73.275,73.38,73.285
"368",73.41,73.59,73.455,73.6,73.41,73.58,73.595
"369",73.685,73.695,73.74,73.665,73.755,73.64,73.605
"370",73.94,73.94,73.845,73.815,73.89,73.92,73.845
"371",74.15,74.03,74.02,74.01,74.14,74.135,74.08
"372",74.275,74.395,74.27,74.385,74.29,74.35,74.25
"373",74.485,74.525,74.435,74.42,74.56,74.485,74.495
"374",74.65,74.675,74.775,74.775,74.72,74.71,74.8
"375",74.865,74.99,74.805,74.805,74.9,74.94,74.995
"376",75.005,75.025,75.05,75.135,75.08,75.05,75.03
"377",75.285,75.355,75.33,75.39,75.365,75.37,75.26
"378",75.5,75.425,75.5,75.55,75.455,75.405,75.48
"379",75.715,75.67,75.79,75.63,75.635,75.715,75.705
"380",75.95,75.935,75.985,75.935,75.855,75.96,75.985
"381",76.185,76.16,76.01,76.18,76.175,76.19,76.1
"382",76.36,76.34,76.4,76.275,76.225,76.265,76.275
"383",76.56,76.525,76.545,76.455,76.455,76.46,76.51
"384",76.75,76.705,76.77,76.64,76.675,76.705,76.755
"385",76.835,76.975,76.885,76.87,76.915,76.95,76.99
"386",77.085,77.07,77.055,77.02,77.13,77.06,77.045
"387",77.395,77.31,77.33,77.335,77.32,77.2,77.28
"388",77.455,77.42,77.44,77.435,77.46,77.595,77.41
"389",77.75,77.72,77.64,77.625,77.72,77.675,77.6
"390",77.925,77.9,77.855,77.815,77.82,77.82,77.875
"391",78.095,78.085,78.17,78.145,78.02,78.15,78.16
"392",78.33,78.225,78.225,78.24,78.39,78.355,78.29
"393",78.485,78.52,78.6,78.4,78.515,78.44,78.465
"394",78.61,78.65,78.625,78.61,78.76,78.615,78.715
"395",78.91,78.92,78.915,78.83,78.9,78.95,78.975
"396",79.075,79.2,79.06,79.05,79.03,79.035,79.145
"397",79.37,79.325,79.305,79.27,79.26,79.235,79.225
"398",79.525,79.54,79.505,79.58,79.59,79.445,79.48
"399",79.6,79.63,79.75,79.735,79.775,79.705,79.72
"400",79.955,79.905,79.8,79.825,79.98,79.965,79.98
"401",80.175,80.2,80.065,80.2,80.125,80.175,80.185
"402",80.29,80.225,80.275,80.385,80.295,80.325,80.35
"403",80.495,80.595,80.435,80.56,80.425,80.43,80.4
"404",80.725,80.685,80.705,80.74,80.72,80.61,80.785
"405",80.81,80.905,80.8,80.805,80.895,80.855,80.855
"406",81.045,81.145,81.04,81.125,81.16,81.075,81.15
"407",81.22,81.235,81.385,81.375,81.32,81.315,81.265
"408",81.465,81.56,81.475,81.485,81.435,81.41,81.54
"409",81.775,81.71,81.61,81.675,81.705,81.655,81.655
"410",81.945,81.885,81.835,81.97,81.9,81.83,82
"411",82.15,82.165,82.15,82.135,82.15,82.13,82.16
"412",82.37,82.21,82.255,82.24,82.32,82.3,82.385
"413",82.53,82.455,82.59,82.435,82.58,82.46,82.555
"414",82.77,82.695,82.745,82.76,82.71,82.79,82.72
"415",82.895,82.88,82.865,82.94,82.87,82.965,82.905
"416",83.035,83.135,83.195,83.085,83.105,83.185,83.17
"417",83.265,83.38,83.315,83.34,83.36,83.305,83.335
"418",83.59,83.545,83.545,83.455,83.545,83.57,83.57
"419",83.76,83.74,83.74,83.76,83.72,83.68,83.68
"420",83.92,83.875,83.93,83.94,83.905,83.8,83.93
"421",84.04,84.13,84.18,84.045,84.14,84.145,84.035
"422",84.365,84.32,84.245,84.235,84.325,84.21,84.4
"423",84.425,84.57,84.47,84.49,84.54,84.6,84.505
"424",84.75,84.7,84.67,84.775,84.755,84.75,84.71
"425",84.845,84.915,84.905,84.975,84.87,84.835,84.92
"426",85.085,85.185,85.195,85.17,85.175,85,85.04
"427",85.365,85.22,85.22,85.26,85.255,85.37,85.26
"428",85.575,85.585,85.58,85.595,85.45,85.445,85.585
"429",85.71,85.63,85.785,85.76,85.645,85.64,85.785
"430",85.935,85.87,85.96,85.92,85.99,85.81,85.91
"431",86.025,86.1,86.19,86.025,86.115,86.17,86.025
"432",86.205,86.31,86.215,86.305,86.38,86.295,86.37
"433",86.47,86.575,86.455,86.585,86.545,86.445,86.515
"434",86.755,86.71,86.68,86.68,86.63,86.68,86.63
"435",86.845,86.955,86.955,86.895,86.89,86.85,86.86
"436",87.09,87.1,87.13,87,87.04,87.065,87.105
"437",87.25,87.28,87.27,87.235,87.2,87.375,87.27
"438",87.495,87.6,87.58,87.41,87.565,87.6,87.515
"439",87.665,87.785,87.64,87.715,87.745,87.635,87.65
"440",87.89,87.805,87.93,87.915,87.93,87.895,87.84
"441",88.12,88.085,88.035,88.06,88.095,88.1,88.14
"442",88.315,88.335,88.285,88.205,88.345,88.39,88.22
"443",88.575,88.525,88.455,88.55,88.465,88.505,88.585
"444",88.775,88.675,88.61,88.715,88.63,88.785,88.725
"445",88.805,88.905,88.81,88.995,88.825,88.87,88.9
"446",89.01,89.05,89.155,89.04,89.095,89.135,89.13
"447",89.37,89.34,89.245,89.325,89.2,89.2,89.265
"448",89.53,89.51,89.495,89.525,89.47,89.57,89.555
"449",89.79,89.785,89.71,89.715,89.655,89.605,89.725
"450",89.915,89.945,89.985,89.83,89.945,89.925,89.875
"451",90.185,90.11,90.025,90.015,90.04,90.05,90.1
"452",90.29,90.39,90.275,90.365,90.305,90.36,90.4
"453",90.495,90.5,90.425,90.45,90.455,90.495,90.465
"454",90.645,90.615,90.795,90.655,90.795,90.61,90.645
"455",90.855,90.93,90.97,90.985,90.835,90.92,90.88
"456",91.03,91.075,91.16,91.1,91.015,91.07,91.06
"457",91.28,91.32,91.275,91.34,91.25,91.36,91.29
"458",91.51,91.575,91.425,91.53,91.515,91.545,91.415
"459",91.65,91.8,91.71,91.68,91.765,91.675,91.635
"460",91.99,91.93,91.95,91.995,91.845,91.895,91.895
"461",92.015,92.165,92.015,92.08,92.125,92.15,92.05
"462",92.22,92.3,92.4,92.255,92.285,92.4,92.35
"463",92.545,92.6,92.5,92.55,92.5,92.515,92.585
"464",92.785,92.62,92.625,92.75,92.77,92.605,92.65
"465",92.985,92.94,92.85,92.89,92.9,92.93,92.855
"466",93.055,93.09,93.11,93.065,93.135,93.065,93.185
"467",93.31,93.28,93.4,93.26,93.37,93.38,93.34
"468",93.41,93.595,93.59,93.435,93.53,93.45,93.525
"469",93.665,93.64,93.665,93.62,93.66,93.6,93.665
"470",93.895,93.95,93.91,93.83,93.82,93.875,93.91
"471",94.025,94.075,94.19,94.1,94.05,94.11,94.005
"472",94.375,94.2,94.33,94.23,94.375,94.37,94.36
"473",94.49,94.415,94.46,94.54,94.425,94.425,94.45
"474",94.7,94.61,94.73,94.63,94.69,94.755,94.8
"475",94.825,94.985,94.97,94.965,94.83,94.87,94.875
"476",95.025,95.075,95.035,95.135,95.195,95.14,95.14
"477",95.335,95.36,95.25,95.215,95.35,95.26,95.24
"478",95.485,95.54,95.435,95.4,95.4,95.515,95.455
"479",95.61,95.64,95.685,95.605,95.715,95.635,95.765
"480",95.99,95.81,96,95.965,95.845,95.995,95.84
"481",96.13,96.01,96.18,96.145,96.185,96.025,96.045
"482",96.27,96.245,96.285,96.29,96.27,96.23,96.205
"483",96.485,96.575,96.43,96.595,96.515,96.4,96.555
"484",96.64,96.64,96.63,96.645,96.74,96.63,96.765
"485",96.975,96.96,96.95,96.905,96.91,96.81,96.9
"486",97.075,97.065,97.035,97.05,97.01,97.08,97.12
"487",97.28,97.275,97.39,97.27,97.4,97.375,97.265
"488",97.405,97.42,97.585,97.59,97.56,97.47,97.495
"489",97.775,97.665,97.64,97.76,97.68,97.63,97.73
"490",97.895,97.925,97.985,97.94,97.815,97.97,97.825
"491",98.175,98.055,98.15,98.125,98.025,98.105,98.08
"492",98.31,98.24,98.4,98.355,98.315,98.385,98.35
"493",98.58,98.465,98.455,98.4,98.545,98.57,98.48
"494",98.705,98.625,98.665,98.615,98.67,98.8,98.685
"495",98.83,98.95,98.96,98.92,98.82,98.975,98.845
"496",99.06,99.1,99.02,99.095,99.2,99.125,99.17
"497",99.35,99.39,99.255,99.4,99.355,99.3,99.325
"498",99.465,99.495,99.465,99.405,99.44,99.495,99.425
"499",99.735,99.775,99.72,99.785,99.685,99.77,99.76
"500",99.91,99.825,99.975,100,99.81,99.805,99.92
